SIZES
  narena                14680064
  nbuffer               430432
  nplugin               0
  maxuse_stack          11136
  maxuse_arena          47780
  maxuse_con            9
  maxuse_efc            55
  solver_nisland        1
  ne                    0
  nf                    12
  nl                    4
  nefc                  55
  nnzJ                  990
  ncon                  9
  nisland               0
  threadpool            0

TIMER
    0:  duration =  1.7        number = 9
    1:  duration =  1.6        number = 9
    2:  duration =  0          number = 0
    3:  duration =  0.98       number = 9
    4:  duration =  0.043      number = 9
    5:  duration =  0.0074     number = 9
    6:  duration =  0.54       number = 9
    7:  duration =  0.026      number = 9
    8:  duration =  0.14       number = 9
    9:  duration =  0.04       number = 9
    10:  duration =  0.68       number = 9
    11:  duration =  0.11       number = 9
    12:  duration =  0.0011     number = 9
    13:  duration =  0.14       number = 9
    14:  duration =  0.24       number = 9
    15:  duration =  0.032      number = 9

SOLVER STAT
  solver_nisland = 1
  solver_fwdinv =   0         0       
  ISLAND 0
    solver_niter = 1
    solver_nnz = 324
      0:  improvement =  2.4e-15     gradient =  1.2e-15     lineslope =  1.2e-18 
          nactive = 55   nchange = 0   neval = 2   nupdate = 12

ENERGY =   0         0       

TIME =  20      

QPOS
  -0.05    
   3.7e-06 
   0.077   
   1       
  -1.6e-06 
  -0.052   
  -1.9e-05 
   0.13    
   1.2     
  -2.7     
  -0.13    
   1.2     
  -2.7     
   0.48    
   1.7     
  -2.7     
  -0.48    
   1.7     
  -2.7     

QVEL
  -3.8e-07 
   8.7e-09 
   1.1e-07 
  -6.3e-08 
  -6.3e-07 
  -9.7e-10 
  -7.1e-05 
   3.6e-05 
  -1.6e-05 
   7e-05   
   3.6e-05 
  -1.6e-05 
   0.00012 
  -0.00099 
  -1e-06   
  -0.00012 
  -0.00098 
  -1.1e-06 

QACC_WARMSTART
  -1.4e-08 
  -1.2e-09 
  -1.5e-10 
   1.9e-08 
   1.7e-08 
  -8.9e-10 
   1.3e-06 
  -7.1e-07 
   4.1e-07 
  -1.3e-06 
  -6.8e-07 
   3.9e-07 
   9.1e-07 
  -1.4e-05 
  -1.2e-07 
  -9.8e-07 
  -1.4e-05 
  -9.6e-08 

CTRL
   0       
   0       
   0       
   0       
   0       
   0       
   0       
   0       
   0       
   0       
   0       
   0       

QFRC_APPLIED
   0       
   0       
   0       
   0       
   0       
   0       
   0       
   0       
   0       
   0       
   0       
   0       
   0       
   0       
   0       
   0       
   0       
   0       

XFRC_APPLIED
   0         0         0         0         0         0       
   0         0         0         0         0         0       
   0         0         0         0         0         0       
   0         0         0         0         0         0       
   0         0         0         0         0         0       
   0         0         0         0         0         0       
   0         0         0         0         0         0       
   0         0         0         0         0         0       
   0         0         0         0         0         0       
   0         0         0         0         0         0       
   0         0         0         0         0         0       
   0         0         0         0         0         0       
   0         0         0         0         0         0       
   0         0         0         0         0         0       
   0         0         0         0         0         0       
   0         0         0         0         0         0       
   0         0         0         0         0         0       
   0         0         0         0         0         0       

QACC
  -1.4e-08 
  -1.2e-09 
  -1.5e-10 
   1.9e-08 
   1.7e-08 
  -8.9e-10 
   1.3e-06 
  -7.1e-07 
   4.1e-07 
  -1.3e-06 
  -6.8e-07 
   3.9e-07 
   9.1e-07 
  -1.4e-05 
  -1.2e-07 
  -9.8e-07 
  -1.4e-05 
  -9.6e-08 

SENSOR
  -0.13    
   1.2     
  -2.7     
   0.13    
   1.2     
  -2.7     
  -0.48    
   1.7     
  -2.7     
   0.48    
   1.7     
  -2.7     
   7e-05   
   3.6e-05 
  -1.6e-05 
  -7.1e-05 
   3.6e-05 
  -1.6e-05 
  -0.00012 
  -0.00098 
  -1.1e-06 
   0.00012 
  -0.00099 
  -1e-06   
   0       
   0       
   0       
   0       
   0       
   0       
   0       
   0       
   0       
   0       
   0       
   0       
   1       
  -1.6e-06 
  -0.052   
  -1.9e-05 
  -6.3e-08 
  -6.3e-07 
  -9.7e-10 
   1       
  -1.1e-05 
   9.8     
  -0.08    
   4.9e-06 
   0.12    
  -4e-07   
   1.1e-08 
   9.4e-08 

XPOS
   0         0         0       
  -0.05      3.7e-06   0.077   
   0.14      0.046     0.097   
   0.14      0.14      0.11    
  -0.051     0.15      0.018   
   0.16      0.15      0.025   
   0.14     -0.047     0.097   
   0.14     -0.14      0.11    
  -0.051    -0.15      0.018   
   0.16     -0.15      0.025   
  -0.24      0.047     0.057   
  -0.25      0.13      0.1     
  -0.46      0.12      0.098   
  -0.27      0.17      0.024   
  -0.24     -0.046     0.057   
  -0.25     -0.13      0.1     
  -0.46     -0.12      0.098   
  -0.27     -0.17      0.024   

XQUAT
   1         0         0         0       
   1        -1.6e-06  -0.052    -1.9e-05 
   1         0.067    -0.052     0.0035  
   0.85      0.053     0.53      0.041   
   0.69      0.051    -0.72     -0.043   
   0.69      0.051    -0.72     -0.043   
   1        -0.067    -0.052    -0.0035  
   0.85     -0.053     0.53     -0.041   
   0.69     -0.051    -0.72      0.043   
   0.69     -0.051    -0.72      0.043   
   0.97      0.24     -0.05      0.012   
   0.69      0.15      0.68      0.19    
   0.81      0.21     -0.53     -0.11    
   0.81      0.21     -0.53     -0.11    
   0.97     -0.24     -0.05     -0.012   
   0.69     -0.15      0.69     -0.19    
   0.81     -0.21     -0.53      0.11    
   0.81     -0.21     -0.53      0.11    

XMAT
   1         0         0         0         1         0         0         0         1       
   0.99      3.9e-05  -0.1      -3.9e-05   1         5.1e-06   0.1      -1.1e-06   0.99    
   0.99     -0.014    -0.1      -3.9e-05   0.99     -0.13      0.1       0.13      0.99    
   0.43     -0.014     0.9       0.13      0.99     -0.045    -0.89      0.13      0.43    
  -0.031    -0.014    -1        -0.13      0.99     -0.0095    0.99      0.13     -0.033   
  -0.031    -0.014    -1        -0.13      0.99     -0.0095    0.99      0.13     -0.033   
   0.99      0.014    -0.1      -3.9e-05   0.99      0.13      0.1      -0.13      0.99    
   0.43      0.014     0.9      -0.13      0.99      0.045    -0.89     -0.13      0.43    
  -0.031     0.014    -1         0.13      0.99      0.0096    0.99     -0.13     -0.033   
  -0.031     0.014    -1         0.13      0.99      0.0096    0.99     -0.13     -0.033   
   0.99     -0.048    -0.092    -3.9e-05   0.89     -0.46      0.1       0.46      0.88    
  -0.0069   -0.048     1         0.46      0.89      0.046    -0.89      0.46      0.016   
   0.41     -0.048    -0.91     -0.4       0.89     -0.23      0.82      0.46      0.35    
   0.41     -0.048    -0.91     -0.4       0.89     -0.23      0.82      0.46      0.35    
   0.99      0.048    -0.092    -3.9e-05   0.89      0.46      0.1      -0.46      0.88    
  -0.0074    0.048     1        -0.46      0.89     -0.046    -0.89     -0.46      0.016   
   0.41      0.048    -0.91      0.4       0.89      0.23      0.82     -0.46      0.35    
   0.41      0.048    -0.91      0.4       0.89      0.23      0.82     -0.46      0.35    

XIPOS
   0         0         0       
  -0.029     2.9e-06   0.074   
   0.14      0.048     0.097   
   0.11      0.12      0.096   
   0.09      0.15      0.029   
   0.37      0.15      0.032   
   0.14     -0.048     0.097   
   0.11     -0.12      0.096   
   0.09     -0.15      0.029   
   0.37     -0.15      0.032   
  -0.24      0.048     0.058   
  -0.28      0.11      0.094   
  -0.33      0.15      0.054   
  -0.072     0.22     -0.049   
  -0.24     -0.048     0.058   
  -0.28     -0.11      0.094   
  -0.33     -0.15      0.054   
  -0.072    -0.22     -0.049   

XIMAT
   1         0         0         0         1         0         0         0         1       
  -0.086    -0.0014    1        -0.0032   -1        -0.0017    1        -0.0034    0.086   
  -0.021    -0.094     1         0.99     -0.13      0.0086    0.13      0.99      0.095   
   0.27     -0.3       0.92      0.95      0.25     -0.2      -0.17      0.92      0.35    
  -0.023     0.035    -1         0.99      0.14     -0.017     0.14     -0.99     -0.038   
  -0.031    -0.014    -1        -0.13      0.99     -0.0095    0.99      0.13     -0.033   
   0.021    -0.094     1         0.99      0.13     -0.0087   -0.13      0.99      0.095   
  -0.27     -0.3       0.92      0.95     -0.25      0.2       0.17      0.92      0.35    
   0.023     0.035    -1         0.99     -0.14      0.017    -0.14     -0.99     -0.038   
  -0.031     0.014    -1         0.13      0.99      0.0096    0.99     -0.13     -0.033   
  -0.04     -0.1       0.99      0.89     -0.46     -0.011     0.46      0.88      0.11    
   0.08      0.11      0.99      0.99     -0.085    -0.071     0.076     0.99     -0.11    
  -0.052    -0.41     -0.91      0.88      0.41     -0.24      0.47     -0.81      0.34    
   0.41     -0.048    -0.91     -0.4       0.89     -0.23      0.82      0.46      0.35    
   0.04     -0.1       0.99      0.89      0.46      0.011    -0.46      0.88      0.11    
  -0.08      0.11      0.99      0.99      0.085     0.071    -0.076     0.99     -0.11    
   0.052    -0.41     -0.91      0.88     -0.41      0.24     -0.47     -0.81      0.34    
   0.41      0.048    -0.91      0.4       0.89      0.23      0.82     -0.46      0.35    

XANCHOR
  -0.05      3.7e-06   0.077   
   0.14      0.046     0.097   
   0.14      0.14      0.11    
  -0.051     0.15      0.018   
   0.14     -0.047     0.097   
   0.14     -0.14      0.11    
  -0.051    -0.15      0.018   
  -0.24      0.047     0.057   
  -0.25      0.13      0.1     
  -0.46      0.12      0.098   
  -0.24     -0.046     0.057   
  -0.25     -0.13      0.1     
  -0.46     -0.12      0.098   

XAXIS
   0         0         1       
   0.99     -3.9e-05   0.1     
  -0.014     0.99      0.13    
  -0.014     0.99      0.13    
   0.99     -3.9e-05   0.1     
   0.014     0.99     -0.13    
   0.014     0.99     -0.13    
   0.99     -3.9e-05   0.1     
  -0.048     0.89      0.46    
  -0.048     0.89      0.46    
   0.99     -3.9e-05   0.1     
   0.048     0.89     -0.46    
   0.048     0.89     -0.46    

GEOM_XPOS
   0         0         0       
   1.2       0         0.04    
   1.6       0         0.04    
   2.3       0         0.02    
   2.6       0         0.02    
   2.8       0         0.02    
   3         0         0.02    
   3.2       0         0.02    
   3.4       0         0.02    
   0.25     -0.00027   0.046   
   0.25     -0.00022   0.049   
   0.27     -0.00024   0.14    
   0.0043    0.0079    0.12    
   0.027    -0.0006    0.084   
  -0.05      3.7e-06   0.077   
   0.23     -7.3e-06   0.12    
   0.25     -7.9e-06   0.048   
   0.12      0.043     0.095   
   0.13      0.056     0.097   
   0.14      0.13      0.11    
   0.1       0.13      0.093   
   0.15      0.12      0.12    
   0.045     0.15      0.064   
   0.075     0.15      0.029   
   0.17      0.15      0.019   
   0.0087    0.15      0.028   
   0.096     0.15      0.042   
   0.17      0.15      0.019   
   0.16      0.15      0.023   
   0.12     -0.042     0.095   
   0.13     -0.056     0.097   
   0.14     -0.13      0.11    
   0.1      -0.13      0.093   
   0.15     -0.12      0.12    
   0.045    -0.15      0.064   
   0.075    -0.15      0.029   
   0.17     -0.15      0.019   
   0.0086   -0.15      0.03    
   0.096    -0.15      0.042   
   0.17     -0.15      0.019   
   0.16     -0.15      0.023   
  -0.22      0.043     0.057   
  -0.23      0.055     0.063   
  -0.25      0.12      0.094   
  -0.29      0.11      0.096   
  -0.24      0.11      0.096   
  -0.35      0.13      0.099   
  -0.34      0.15      0.06    
  -0.26      0.17      0.018   
  -0.4       0.13      0.085   
  -0.32      0.15      0.063   
  -0.26      0.17      0.018   
  -0.27      0.17      0.023   
  -0.22     -0.043     0.057   
  -0.23     -0.055     0.063   
  -0.25     -0.12      0.094   
  -0.29     -0.11      0.096   
  -0.24     -0.11      0.096   
  -0.35     -0.13      0.099   
  -0.34     -0.15      0.06    
  -0.26     -0.17      0.018   
  -0.4      -0.13      0.085   
  -0.32     -0.15      0.063   
  -0.26     -0.17      0.018   
  -0.27     -0.17      0.023   

GEOM_XMAT
   1         0         0         0         1         0         0         0         1       
   1         0         0         0         1         0         0         0         1       
   1         0         0         0         1         0         0         0         1       
   1         0         0         0         1         0         0         0         1       
   1         0         0         0         1         0         0         0         1       
   1         0         0         0         1         0         0         0         1       
   1         0         0         0         1         0         0         0         1       
   1         0         0         0         1         0         0         0         1       
   1         0         0         0         1         0         0         0         1       
  -0.36     -0.93      0.00063  -0.0019    4.8e-05  -1         0.93     -0.36     -0.0018  
  -0.36     -0.93      0.00019  -0.00061   3.2e-05  -1         0.93     -0.36     -0.00058 
   0.99      0.00011  -0.15     -0.00015   1        -0.00024   0.15      0.00026   0.99    
  -0.12      0.013     0.99      0.0079   -1         0.014     0.99      0.0095    0.12    
  -0.15     -0.0016    0.99     -0.013    -1        -0.0036    0.99     -0.013     0.15    
   0.99      3.9e-05  -0.1      -3.9e-05   1         5.1e-06   0.1      -1.1e-06   0.99    
   0.99      3.9e-05  -0.1      -3.9e-05   1         5.1e-06   0.1      -1.1e-06   0.99    
   0.99      3.9e-05  -0.1      -3.9e-05   1         5.1e-06   0.1      -1.1e-06   0.99    
   0.038    -0.1       0.99      0.99     -0.13     -0.052     0.14      0.99      0.094   
  -0.37     -0.1       0.92      0.92     -0.13      0.36      0.086     0.99      0.14    
   0.99     -0.1       0.014    -3.9e-05  -0.13     -0.99      0.1       0.99     -0.13    
   0.15     -0.36      0.92      0.98     -0.022    -0.17      0.082     0.93      0.35    
   0.47     -0.88     -0.085    -0.69     -0.31     -0.65      0.55      0.36     -0.75    
  -0.9      -0.014     0.43      0.045     0.99      0.13     -0.43      0.13     -0.89    
  -0.015     0.072    -1         0.99      0.12     -0.0068    0.12     -0.99     -0.073   
  -0.86      0.014     0.51     -0.079    -0.99     -0.11      0.5      -0.13      0.86    
  -0.24     -0.014    -0.97     -0.13      0.99      0.018     0.96      0.13     -0.24    
   0.019    -0.014    -1        -0.13      0.99     -0.016     0.99      0.13      0.017   
  -0.86      0.014     0.51     -0.079    -0.99     -0.11      0.5      -0.13      0.86    
  -0.031    -0.014    -1        -0.13      0.99     -0.0095    0.99      0.13     -0.033   
   0.038     0.11      0.99     -0.99     -0.13      0.052     0.14     -0.99      0.1     
  -0.37      0.1       0.92     -0.92     -0.13     -0.36      0.086    -0.99      0.15    
   0.99     -0.1      -0.014    -3.9e-05   0.13     -0.99      0.1       0.99      0.13    
  -0.15     -0.36      0.92      0.98      0.022     0.17     -0.082     0.93      0.35    
   0.47     -0.88      0.085     0.69      0.31     -0.65      0.55      0.36      0.75    
  -0.9       0.014     0.43     -0.045     0.99     -0.13     -0.43     -0.13     -0.89    
   0.015     0.072    -1         0.99     -0.12      0.0069   -0.12     -0.99     -0.073   
  -0.86     -0.014     0.51      0.079    -0.99      0.11      0.5       0.13      0.86    
  -0.23      0.014    -0.97      0.13      0.99     -0.017     0.96     -0.13     -0.23    
   0.019     0.014    -1         0.13      0.99      0.016     0.99     -0.13      0.017   
  -0.86     -0.014     0.51      0.079    -0.99      0.11      0.5       0.13      0.86    
  -0.031     0.014    -1         0.13      0.99      0.0096    0.99     -0.13     -0.033   
  -0.1       0.089    -0.99      0.88      0.46     -0.048     0.46     -0.88     -0.13    
   0.31      0.091    -0.94      0.83      0.46      0.32      0.47     -0.88      0.071   
   0.99     -0.092     0.048    -3.9e-05  -0.46     -0.89      0.1       0.88     -0.46    
   0.079     0.078     0.99      0.93     -0.36     -0.046     0.35      0.93     -0.1     
   0.72     -0.6      -0.34     -0.69     -0.59     -0.42      0.052     0.54     -0.84    
  -1        -0.048    -0.0069   -0.046     0.89      0.46     -0.016     0.46     -0.89    
  -0.057    -0.37     -0.93      0.89      0.4      -0.22      0.45     -0.84      0.31    
  -0.55      0.048     0.83     -0.41     -0.89     -0.22      0.73     -0.46      0.51    
   0.22     -0.048    -0.97     -0.44      0.89     -0.14      0.87      0.46      0.18    
   0.46     -0.048    -0.89     -0.39      0.89     -0.25      0.8       0.46      0.39    
  -0.55      0.048     0.83     -0.41     -0.89     -0.22      0.73     -0.46      0.51    
   0.41     -0.048    -0.91     -0.4       0.89     -0.23      0.82      0.46      0.35    
  -0.1      -0.095    -0.99     -0.88      0.46      0.045     0.45      0.88     -0.13    
   0.31     -0.093    -0.94     -0.83      0.46     -0.32      0.47      0.88      0.069   
   0.99     -0.092    -0.048    -3.9e-05   0.46     -0.89      0.1       0.88      0.46    
  -0.079     0.079     0.99      0.93      0.36      0.046    -0.35      0.93     -0.1     
   0.72     -0.6       0.34      0.69      0.59     -0.42      0.052     0.54      0.84    
  -1         0.048    -0.0074    0.046     0.89     -0.46     -0.016    -0.46     -0.89    
   0.057    -0.37     -0.93      0.89     -0.4       0.22     -0.45     -0.84      0.31    
  -0.55     -0.048     0.83      0.41     -0.89      0.22      0.73      0.46      0.51    
   0.22      0.048    -0.97      0.44      0.89      0.14      0.87     -0.46      0.18    
   0.46      0.048    -0.89      0.39      0.89      0.25      0.8      -0.46      0.39    
  -0.55     -0.049     0.83      0.41     -0.89      0.22      0.73      0.46      0.51    
   0.41      0.048    -0.91      0.4       0.89      0.23      0.82     -0.46      0.35    

SITE_XPOS
  -0.08      4.9e-06   0.12    

SITE_XMAT
   0.99      3.9e-05  -0.1      -3.9e-05   1         5.1e-06   0.1      -1.1e-06   0.99    

LIGHT_XPOS
   0         0         1.5     

LIGHT_XDIR
   0         0        -1       

SUBTREE_COM
  -0.055     4.7e-06   0.079   
  -0.055     4.7e-06   0.079   
   0.12      0.1       0.088   
   0.11      0.13      0.084   
   0.09      0.15      0.029   
   0.37      0.15      0.032   
   0.12     -0.1       0.088   
   0.11     -0.13      0.084   
   0.09     -0.15      0.029   
   0.37     -0.15      0.032   
  -0.27      0.093     0.077   
  -0.29      0.12      0.087   
  -0.33      0.15      0.054   
  -0.072     0.22     -0.049   
  -0.27     -0.093     0.077   
  -0.29     -0.12      0.087   
  -0.33     -0.15      0.054   
  -0.072    -0.22     -0.049   

CDOF
   0         0         0         1         0         0       
   0         0         0         0         1         0       
   0         0         0         0         0         1       
   0.99     -3.9e-05   0.1      -1.7e-07  -0.0022    7.7e-07 
   3.9e-05   1        -1.1e-06   0.0017   -6.3e-08   0.0049  
  -0.1       5.1e-06   0.99     -9.5e-07  -0.0047   -7.5e-08 
   0.99     -3.9e-05   0.1       0.0048   -0.0022   -0.046   
  -0.014     0.99      0.13     -0.012    -0.026     0.2     
  -0.014     0.99      0.13      0.081     0.00029   0.0062  
   0.99     -3.9e-05   0.1      -0.0048   -0.0022    0.046   
   0.014     0.99     -0.13     -0.012     0.026     0.2     
   0.014     0.99     -0.13      0.081    -0.0003    0.0062  
   0.99     -3.9e-05   0.1       0.0048   -0.0022   -0.046   
  -0.048     0.89      0.46      0.041     0.088    -0.16    
  -0.048     0.89      0.46      0.039     0.19     -0.35    
   0.99     -3.9e-05   0.1      -0.0048   -0.0022    0.046   
   0.048     0.89     -0.46      0.041    -0.088    -0.16    
   0.048     0.89     -0.46      0.039    -0.19     -0.35    

CINERT
   0         0         0         0         0         0         0         0         0         0       
   0.025     0.1       0.11      0.00013  -0.0062   -1.8e-05   0.18     -1.3e-05  -0.034     6.9     
   0.0023    0.026     0.027    -0.0063   -0.0023   -0.00055   0.13      0.033     0.012     0.68    
   0.019     0.038     0.053    -0.022    -0.0049   -0.0021    0.19      0.14      0.02      1.2     
   0.0061    0.0072    0.012    -0.0053    0.0017    0.0018    0.035     0.036    -0.012     0.24    
   0         0         0         0         0         0         0         0        -0         0       
   0.0023    0.026     0.027     0.0063   -0.0023    0.00055   0.13     -0.033     0.012     0.68    
   0.019     0.038     0.053     0.022    -0.0049    0.0021    0.19     -0.14      0.02      1.2     
   0.0061    0.0072    0.012     0.0053    0.0017   -0.0018    0.035    -0.036    -0.012     0.24    
   0         0         0         0         0         0         0        -0        -0         0       
   0.0023    0.024     0.025     0.006    -0.0025    0.00079  -0.12      0.033    -0.014     0.68    
   0.015     0.064     0.077     0.028     0.0044   -0.0019   -0.26      0.12      0.017     1.2     
   0.0059    0.02      0.025     0.0096   -0.0012    0.001    -0.066     0.036    -0.0061    0.24    
   0         0         0         0         0         0        -0         0        -0         0       
   0.0023    0.024     0.025    -0.006    -0.0025   -0.00079  -0.12     -0.033    -0.014     0.68    
   0.015     0.064     0.077    -0.028     0.0044    0.0019   -0.26     -0.12      0.017     1.2     
   0.0059    0.02      0.025    -0.0096   -0.0012   -0.001    -0.066    -0.036    -0.0061    0.24    
   0         0         0         0         0         0        -0        -0        -0         0       

ACTUATOR_LENGTH
  -0.13    
   1.2     
  -2.7     
   0.13    
   1.2     
  -2.7     
  -0.48    
   1.7     
  -2.7     
   0.48    
   1.7     
  -2.7     

ACTUATOR_MOMENT
   0         0         0         0         0         0         0         0         0         1         0         0         0         0         0         0         0         0       
   0         0         0         0         0         0         0         0         0         0         1         0         0         0         0         0         0         0       
   0         0         0         0         0         0         0         0         0         0         0         1         0         0         0         0         0         0       
   0         0         0         0         0         0         1         0         0         0         0         0         0         0         0         0         0         0       
   0         0         0         0         0         0         0         1         0         0         0         0         0         0         0         0         0         0       
   0         0         0         0         0         0         0         0         1         0         0         0         0         0         0         0         0         0       
   0         0         0         0         0         0         0         0         0         0         0         0         0         0         0         1         0         0       
   0         0         0         0         0         0         0         0         0         0         0         0         0         0         0         0         1         0       
   0         0         0         0         0         0         0         0         0         0         0         0         0         0         0         0         0         1       
   0         0         0         0         0         0         0         0         0         0         0         0         1         0         0         0         0         0       
   0         0         0         0         0         0         0         0         0         0         0         0         0         1         0         0         0         0       
   0         0         0         0         0         0         0         0         0         0         0         0         0         0         1         0         0         0       

CRB
   0         0         0         0         0         0         0         0         0         0       
   0.13      0.46      0.55      0.00014  -0.016    -1.5e-05  -1.1e-16   0         4.2e-17   15      
   0.027     0.071     0.092    -0.034    -0.0055   -0.00078   0.36      0.21      0.02      2.1     
   0.025     0.045     0.065    -0.027    -0.0032   -0.00022   0.23      0.17      0.0077    1.4     
   0.0061    0.0072    0.012    -0.0053    0.0017    0.0018    0.035     0.036    -0.012     0.24    
   0         0         0         0         0         0         0         0        -0         0       
   0.027     0.071     0.092     0.034    -0.0055    0.00078   0.36     -0.21      0.02      2.1     
   0.025     0.045     0.065     0.027    -0.0032    0.00022   0.23     -0.17      0.0077    1.4     
   0.0061    0.0072    0.012     0.0053    0.0017   -0.0018    0.035    -0.036    -0.012     0.24    
   0         0         0         0         0         0         0        -0        -0         0       
   0.023     0.11      0.13      0.044     0.00058  -4.5e-05  -0.45      0.19     -0.0029    2.1     
   0.021     0.083     0.1       0.038     0.0031   -0.00083  -0.32      0.16      0.011     1.4     
   0.0059    0.02      0.025     0.0096   -0.0012    0.001    -0.066     0.036    -0.0061    0.24    
   0         0         0         0         0         0        -0         0        -0         0       
   0.023     0.11      0.13     -0.044     0.00059   4.8e-05  -0.45     -0.19     -0.0029    2.1     
   0.021     0.083     0.1      -0.038     0.0031    0.00083  -0.32     -0.16      0.011     1.4     
   0.0059    0.02      0.025    -0.0096   -0.0012   -0.001    -0.066    -0.036    -0.0061    0.24    
   0         0         0         0         0         0        -0        -0        -0         0       

QM
   15        0         0        -2.6e-06   0.027    -1.4e-05  -0.012    -0.032     0.0026    0.012    -0.032     0.0026   -0.01     -0.0077   -0.013     0.01     -0.0077   -0.013   
   0         15        0        -0.034    -9.6e-07  -0.072     0.012    -0.0068    0.0045    0.012     0.0068   -0.0045   -0.048    -0.027     0.014    -0.048     0.027    -0.014   
   0         0         15        1.2e-05   0.075    -1.1e-06   0.11      0.048    -0.034    -0.11      0.048    -0.034     0.097     0.051    -0.028    -0.097     0.051    -0.028   
  -2.6e-06  -0.034     1.2e-05   0.13      0.00013   0.028     0.017     0.0072   -0.0048    0.017    -0.0072    0.0048    0.015     0.0078   -0.0042    0.015    -0.0078    0.0041  
   0.027    -9.6e-07   0.075     0.00013   0.46     -2.9e-05  -0.016     0.00054   0.0061    0.016     0.00054   0.0061    0.023     0.019    -0.0063   -0.023     0.019    -0.0063  
  -1.4e-05  -0.072    -1.1e-06   0.028    -2.9e-05   0.55      0.0005    0.0039    0.00095   0.0005   -0.0039   -0.00095   0.012     0.011    -0.00091   0.012    -0.011     0.0009  
  -0.012     0.012     0.11      0.017    -0.016     0.0005    0.022     0.0048   -0.0033    0         0         0         0         0         0         0         0         0       
  -0.032    -0.0068    0.048     0.0072    0.00054   0.0039    0.0048    0.021    -0.00045   0         0         0         0         0         0         0         0         0       
   0.0026    0.0045   -0.034    -0.0048    0.0061    0.00095  -0.0033   -0.00045   0.016     0         0         0         0         0         0         0         0         0       
   0.012     0.012    -0.11      0.017     0.016     0.0005    0         0         0         0.022    -0.0048    0.0033    0         0         0         0         0         0       
  -0.032     0.0068    0.048    -0.0072    0.00054  -0.0039    0         0         0        -0.0048    0.021    -0.00045   0         0         0         0         0         0       
   0.0026   -0.0045   -0.034     0.0048    0.0061   -0.00095   0         0         0         0.0033   -0.00045   0.016     0         0         0         0         0         0       
  -0.01     -0.048     0.097     0.015     0.023     0.012     0         0         0         0         0         0         0.021     0.0055   -0.0029    0         0         0       
  -0.0077   -0.027     0.051     0.0078    0.019     0.011     0         0         0         0         0         0         0.0055    0.021    -0.00045   0         0         0       
  -0.013     0.014    -0.028    -0.0042   -0.0063   -0.00091   0         0         0         0         0         0        -0.0029   -0.00045   0.016     0         0         0       
   0.01     -0.048    -0.097     0.015    -0.023     0.012     0         0         0         0         0         0         0         0         0         0.021    -0.0055    0.0029  
  -0.0077    0.027     0.051    -0.0078    0.019    -0.011     0         0         0         0         0         0         0         0         0        -0.0055    0.021    -0.00045 
  -0.013    -0.014    -0.028     0.0041   -0.0063    0.0009    0         0         0         0         0         0         0         0         0         0.0029   -0.00045   0.016   

QLD
   15       -1.5e-06   0.021    -8.8e-05   0.13     -9.8e-06  -0.18     -1.5       0.16      0.18     -1.5       0.16     -0.54     -0.39     -0.78      0.54     -0.39     -0.78    
  -1.5e-06   15       -4.6e-06   0.41     -3.3e-05  -0.0033    0.75     -0.32      0.28      0.75      0.32     -0.28     -2        -1.3       0.86     -2         1.3      -0.86    
   0.021    -4.6e-06   13        0.00013  -0.05      3.2e-05   4.7       2.2      -2.1      -4.7       2.2      -2.1       4.2       2.4      -1.7      -4.2       2.4      -1.7     
  -8.8e-05   0.41      0.00013   0.074     0.00034   0.01      0.72      0.34     -0.3       0.72     -0.34      0.3       0.67      0.37     -0.25      0.67     -0.37      0.25    
   0.13     -3.3e-05  -0.05      0.00034   0.36     -5.4e-05  -0.77      0.034     0.37      0.77      0.034     0.37      0.91      0.92     -0.39     -0.91      0.92     -0.39    
  -9.8e-06  -0.0033    3.2e-05   0.01     -5.4e-05   0.53     -0.011     0.19      0.058    -0.011    -0.19     -0.058     0.51      0.51     -0.055     0.51     -0.51      0.055   
  -0.18      0.75      4.7       0.72     -0.77     -0.011     0.02      0.23     -0.2       0         0         0         0         0         0         0         0         0       
  -1.5      -0.32      2.2       0.34      0.034     0.19      0.23      0.021    -0.027     0         0         0         0         0         0         0         0         0       
   0.16      0.28     -2.1      -0.3       0.37      0.058    -0.2      -0.027     0.016     0         0         0         0         0         0         0         0         0       
   0.18      0.75     -4.7       0.72      0.77     -0.011     0         0         0         0.02     -0.23      0.2       0         0         0         0         0         0       
  -1.5       0.32      2.2      -0.34      0.034    -0.19      0         0         0        -0.23      0.021    -0.027     0         0         0         0         0         0       
   0.16     -0.28     -2.1       0.3       0.37     -0.058     0         0         0         0.2      -0.027     0.016     0         0         0         0         0         0       
  -0.54     -2         4.2       0.67      0.91      0.51      0         0         0         0         0         0         0.019     0.26     -0.18      0         0         0       
  -0.39     -1.3       2.4       0.37      0.92      0.51      0         0         0         0         0         0         0.26      0.021    -0.028     0         0         0       
  -0.78      0.86     -1.7      -0.25     -0.39     -0.055     0         0         0         0         0         0        -0.18     -0.028     0.016     0         0         0       
   0.54     -2        -4.2       0.67     -0.91      0.51      0         0         0         0         0         0         0         0         0         0.019    -0.26      0.18    
  -0.39      1.3       2.4      -0.37      0.92     -0.51      0         0         0         0         0         0         0         0         0        -0.26      0.021    -0.028   
  -0.78     -0.86     -1.7       0.25     -0.39      0.055     0         0         0         0         0         0         0         0         0         0.18     -0.028     0.016   

QLDIAGINV
   0.066   
   0.067   
   0.077   
   14      
   2.8     
   1.9     
   50      
   48      
   61      
   50      
   48      
   61      
   53      
   48      
   61      
   53      
   48      
   61      

QLDIAGSQRTINV
   0.26    
   0.26    
   0.28    
   3.7     
   1.7     
   1.4     
   7.1     
   6.9     
   7.8     
   7.1     
   6.9     
   7.8     
   7.3     
   6.9     
   7.8     
   7.3     
   6.9     
   7.8     

D_rownnz              18 18 18 18 18 18 9 9 9 9 9 9 9 9 9 9 9 9

D_rowadr              0 18 36 54 72 90 108 117 126 135 144 153 162 171 180 189 198 207

D_colind              0 1 2 3 4 5 6 7 8 9 10 11 12 13 14 15 16 17 0 1 2 3 4 5 6 7 8 9 10 11 12 13 14 15 16 17 0 1 2 3 4 5 6 7 8 9 10 11 12 13 14 15 16 17 0 1 2 3 4 5 6 7 8 9 10 11 12 13 14 15 16 17 0 1 2 3 4 5 6 7 8 9 10 11 12 13 14 15 16 17 0 1 2 3 4 5 6 7 8 9 10 11 12 13 14 15 16 17 0 1 2 3 4 5 6 7 8 0 1 2 3 4 5 6 7 8 0 1 2 3 4 5 6 7 8 0 1 2 3 4 5 9 10 11 0 1 2 3 4 5 9 10 11 0 1 2 3 4 5 9 10 11 0 1 2 3 4 5 12 13 14 0 1 2 3 4 5 12 13 14 0 1 2 3 4 5 12 13 14 0 1 2 3 4 5 15 16 17 0 1 2 3 4 5 15 16 17 0 1 2 3 4 5 15 16 17

B_rownnz              18 18 9 9 9 9 9 9 9 9 9 9 9 9 9 9 9 9

B_rowadr              0 18 36 45 54 63 72 81 90 99 108 117 126 135 144 153 162 171

B_colind              0 1 2 3 4 5 6 7 8 9 10 11 12 13 14 15 16 17 0 1 2 3 4 5 6 7 8 9 10 11 12 13 14 15 16 17 0 1 2 3 4 5 6 7 8 0 1 2 3 4 5 6 7 8 0 1 2 3 4 5 6 7 8 0 1 2 3 4 5 6 7 8 0 1 2 3 4 5 9 10 11 0 1 2 3 4 5 9 10 11 0 1 2 3 4 5 9 10 11 0 1 2 3 4 5 9 10 11 0 1 2 3 4 5 12 13 14 0 1 2 3 4 5 12 13 14 0 1 2 3 4 5 12 13 14 0 1 2 3 4 5 12 13 14 0 1 2 3 4 5 15 16 17 0 1 2 3 4 5 15 16 17 0 1 2 3 4 5 15 16 17 0 1 2 3 4 5 15 16 17

QDERIV
   0         0         0         0         0         0         0         0         0         0         0         0         0         0         0         0         0         0       
   0         0         0         0         0         0         0         0         0         0         0         0         0         0         0         0         0         0       
   0         0         0         0         0         0         0         0         0         0         0         0         0         0         0         0         0         0       
   0         0         0         0         0         0         0         0         0         0         0         0         0         0         0         0         0         0       
   0         0         0         0         0         0         0         0         0         0         0         0         0         0         0         0         0         0       
   0         0         0         0         0         0         0         0         0         0         0         0         0         0         0         0         0         0       
   0         0         0         0         0         0         0         0         0         0         0         0         0         0         0         0         0         0       
   0         0         0         0         0         0         0         0         0         0         0         0         0         0         0         0         0         0       
   0         0         0         0         0         0         0         0         0         0         0         0         0         0         0         0         0         0       
   0         0         0         0         0         0         0         0         0         0         0         0         0         0         0         0         0         0       
   0         0         0         0         0         0         0         0         0         0         0         0         0         0         0         0         0         0       
   0         0         0         0         0         0         0         0         0         0         0         0         0         0         0         0         0         0       
   0         0         0         0         0         0         0         0         0         0         0         0         0         0         0         0         0         0       
   0         0         0         0         0         0         0         0         0         0         0         0         0         0         0         0         0         0       
   0         0         0         0         0         0         0         0         0         0         0         0         0         0         0         0         0         0       
   0         0         0         0         0         0         0         0         0         0         0         0         0         0         0         0         0         0       
   0         0         0         0         0         0         0         0         0         0         0         0         0         0         0         0         0         0       
   0         0         0         0         0         0         0         0         0         0         0         0         0         0         0         0         0         0       

QLU
   0         0         0         0         0         0         0         0         0         0         0         0         0         0         0         0         0         0       
   0         0         0         0         0         0         0         0         0         0         0         0         0         0         0         0         0         0       
   0         0         0         0         0         0         0         0         0         0         0         0         0         0         0         0         0         0       
   0         0         0         0         0         0         0         0         0         0         0         0         0         0         0         0         0         0       
   0         0         0         0         0         0         0         0         0         0         0         0         0         0         0         0         0         0       
   0         0         0         0         0         0         0         0         0         0         0         0         0         0         0         0         0         0       
   0         0         0         0         0         0         0         0         0         0         0         0         0         0         0         0         0         0       
   0         0         0         0         0         0         0         0         0         0         0         0         0         0         0         0         0         0       
   0         0         0         0         0         0         0         0         0         0         0         0         0         0         0         0         0         0       
   0         0         0         0         0         0         0         0         0         0         0         0         0         0         0         0         0         0       
   0         0         0         0         0         0         0         0         0         0         0         0         0         0         0         0         0         0       
   0         0         0         0         0         0         0         0         0         0         0         0         0         0         0         0         0         0       
   0         0         0         0         0         0         0         0         0         0         0         0         0         0         0         0         0         0       
   0         0         0         0         0         0         0         0         0         0         0         0         0         0         0         0         0         0       
   0         0         0         0         0         0         0         0         0         0         0         0         0         0         0         0         0         0       
   0         0         0         0         0         0         0         0         0         0         0         0         0         0         0         0         0         0       
   0         0         0         0         0         0         0         0         0         0         0         0         0         0         0         0         0         0       
   0         0         0         0         0         0         0         0         0         0         0         0         0         0         0         0         0         0       

CONTACT
  0:
     dim           3
     gfev          0 -1 -1 -1 : 14 -1 -1 -1
     exclude       0
     efc_address   16
     solref         0.02      1       
     solimp         0.9       0.95      0.001     0.5       2       
     dist           0.00089 
     includemargin  0.001   
     pos           -0.23     -0.047     0.00044 
     frame          0         0         1         0         1         0        -1         0         0       
     friction       1         1         0.005     0.0001    0.0001  
     mu             0.1     
  1:
     dim           3
     gfev          0 -1 -1 -1 : 14 -1 -1 -1
     exclude       0
     efc_address   19
     solref         0.02      1       
     solimp         0.9       0.95      0.001     0.5       2       
     dist           0.00089 
     includemargin  0.001   
     pos           -0.23      0.047     0.00044 
     frame          0         0         1         0         1         0        -1         0         0       
     friction       1         1         0.005     0.0001    0.0001  
     mu             0.1     
  2:
     dim           3
     gfev          0 -1 -1 -1 : 16 -1 -1 -1
     exclude       0
     efc_address   22
     solref         0.02      1       
     solimp         0.9       0.95      0.001     0.5       2       
     dist           0.00086 
     includemargin  0.001   
     pos            0.25     -7.9e-06   0.00043 
     frame          0         0         1         0         1         0        -1         0         0       
     friction       1         1         0.005     0.0001    0.0001  
     mu             0.1     
  3:
     dim           3
     gfev          0 -1 -1 -1 : 22 -1 -1 -1
     exclude       0
     efc_address   25
     solref         0.02      1       
     solimp         0.9       0.95      0.001     0.5       2       
     dist           0.00096 
     includemargin  0.001   
     pos           -0.043     0.14      0.00048 
     frame          0         0         1         0         1         0        -1         0         0       
     friction       1         1         0.005     0.0001    0.0001  
     mu             0.1     
  4:
     dim           6
     gfev          0 -1 -1 -1 : 28 -1 -1 -1
     exclude       0
     efc_address   28
     solref         0.02      1       
     solimp         0.9       0.95      0.001     0.5       2       
     dist           0.00077 
     includemargin  0.001   
     pos            0.16      0.15      0.00038 
     frame          0         0         1         0         1         0        -1         0         0       
     friction       0.4       0.4       0.02      0.01      0.01    
     mu             0.04    
  5:
     dim           3
     gfev          0 -1 -1 -1 : 34 -1 -1 -1
     exclude       0
     efc_address   34
     solref         0.02      1       
     solimp         0.9       0.95      0.001     0.5       2       
     dist           0.00096 
     includemargin  0.001   
     pos           -0.043    -0.14      0.00048 
     frame          0         0         1         0         1         0        -1         0         0       
     friction       1         1         0.005     0.0001    0.0001  
     mu             0.1     
  6:
     dim           6
     gfev          0 -1 -1 -1 : 40 -1 -1 -1
     exclude       0
     efc_address   37
     solref         0.02      1       
     solimp         0.9       0.95      0.001     0.5       2       
     dist           0.00076 
     includemargin  0.001   
     pos            0.16     -0.15      0.00038 
     frame          0         0         1         0         1         0        -1         0         0       
     friction       0.4       0.4       0.02      0.01      0.01    
     mu             0.04    
  7:
     dim           6
     gfev          0 -1 -1 -1 : 52 -1 -1 -1
     exclude       0
     efc_address   43
     solref         0.02      1       
     solimp         0.9       0.95      0.001     0.5       2       
     dist           0.00054 
     includemargin  0.001   
     pos           -0.27      0.17      0.00027 
     frame          0         0         1         0         1         0        -1         0         0       
     friction       0.4       0.4       0.02      0.01      0.01    
     mu             0.04    
  8:
     dim           6
     gfev          0 -1 -1 -1 : 64 -1 -1 -1
     exclude       0
     efc_address   49
     solref         0.02      1       
     solimp         0.9       0.95      0.001     0.5       2       
     dist           0.00054 
     includemargin  0.001   
     pos           -0.27     -0.17      0.00027 
     frame          0         0         1         0         1         0        -1         0         0       
     friction       0.4       0.4       0.02      0.01      0.01    
     mu             0.04    

EFC_TYPE
  1
  1
  1
  1
  1
  1
  1
  1
  1
  1
  1
  1
  3
  3
  3
  3
  7
  7
  7
  7
  7
  7
  7
  7
  7
  7
  7
  7
  7
  7
  7
  7
  7
  7
  7
  7
  7
  7
  7
  7
  7
  7
  7
  7
  7
  7
  7
  7
  7
  7
  7
  7
  7
  7
  7

EFC_ID
  6
  7
  8
  9
  10
  11
  12
  13
  14
  15
  16
  17
  3
  6
  9
  12
  0
  0
  0
  1
  1
  1
  2
  2
  2
  3
  3
  3
  4
  4
  4
  4
  4
  4
  5
  5
  5
  6
  6
  6
  6
  6
  6
  7
  7
  7
  7
  7
  7
  8
  8
  8
  8
  8
  8

EFC_J
   0         0         0         0         0         0         1         0         0         0         0         0         0         0         0         0         0         0       
   0         0         0         0         0         0         0         1         0         0         0         0         0         0         0         0         0         0       
   0         0         0         0         0         0         0         0         1         0         0         0         0         0         0         0         0         0       
   0         0         0         0         0         0         0         0         0         1         0         0         0         0         0         0         0         0       
   0         0         0         0         0         0         0         0         0         0         1         0         0         0         0         0         0         0       
   0         0         0         0         0         0         0         0         0         0         0         1         0         0         0         0         0         0       
   0         0         0         0         0         0         0         0         0         0         0         0         1         0         0         0         0         0       
   0         0         0         0         0         0         0         0         0         0         0         0         0         1         0         0         0         0       
   0         0         0         0         0         0         0         0         0         0         0         0         0         0         1         0         0         0       
   0         0         0         0         0         0         0         0         0         0         0         0         0         0         0         1         0         0       
   0         0         0         0         0         0         0         0         0         0         0         0         0         0         0         0         1         0       
   0         0         0         0         0         0         0         0         0         0         0         0         0         0         0         0         0         1       
   0         0         0         0         0         0         0         0         1         0         0         0         0         0         0         0         0         0       
   0         0         0         0         0         0         0         0         0         0         0         1         0         0         0         0         0         0       
   0         0         0         0         0         0         0         0         0         0         0         0         0         0         1         0         0         0       
   0         0         0         0         0         0         0         0         0         0         0         0         0         0         0         0         0         1       
   0         0         1        -0.046     0.18      0.0049    0         0         0         0         0         0         0         0         0         0         0         0       
   0         1         0         0.057     3.2e-06  -0.19      0         0         0         0         0         0         0         0         0         0         0         0       
  -1         0         0        -0.0049    0.077    -0.046     0         0         0         0         0         0         0         0         0         0         0         0       
   0         0         1         0.046     0.18     -0.0049    0         0         0         0         0         0         0         0         0         0         0         0       
   0         1         0         0.057     3.2e-06  -0.19      0         0         0         0         0         0         0         0         0         0         0         0       
  -1         0         0         0.0049    0.077     0.047     0         0         0         0         0         0         0         0         0         0         0         0       
   0         0         1        -6.5e-08  -0.3      -3.2e-07   0         0         0         0         0         0         0         0         0         0         0         0       
   0         1         0         0.11      2.7e-06   0.29      0         0         0         0         0         0         0         0         0         0         0         0       
  -1         0         0        -4.2e-06   0.077    -1.1e-05   0         0         0         0         0         0         0         0         0         0         0         0       
   0         0         1         0.14     -0.0068   -0.015     0.094     0.18      0         0         0         0         0         0         0         0         0         0       
   0         1         0         0.077     3e-06    -0.0012    0.077    -0.026     0         0         0         0         0         0         0         0         0         0       
  -1         0         0         0.015     0.077     0.14      0.0098    0.11      0         0         0         0         0         0         0         0         0         0       
   0         0         1         0.15     -0.21     -0.016     0.11     -0.021    -0.21      0         0         0         0         0         0         0         0         0       
   0         1         0         0.098     2.8e-06   0.2       0.098     0.0013    0.028     0         0         0         0         0         0         0         0         0       
  -1         0         0         0.016     0.077     0.15      0.011     0.11      0.018     0         0         0         0         0         0         0         0         0       
   0         0         0         0.1      -1.1e-06   0.99      0.1       0.13      0.13      0         0         0         0         0         0         0         0         0       
   0         0         0        -3.9e-05   1         5.1e-06  -3.9e-05   0.99      0.99      0         0         0         0         0         0         0         0         0       
   0         0         0        -0.99     -3.9e-05   0.1      -0.99      0.014     0.014     0         0         0         0         0         0         0         0         0       
   0         0         1        -0.14     -0.0068    0.015     0         0         0        -0.094     0.18      0         0         0         0         0         0         0       
   0         1         0         0.077     3e-06    -0.0012    0         0         0         0.077     0.026     0         0         0         0         0         0         0       
  -1         0         0        -0.015     0.077    -0.14      0         0         0        -0.0098    0.11      0         0         0         0         0         0         0       
   0         0         1        -0.15     -0.21      0.016     0         0         0        -0.11     -0.021    -0.21      0         0         0         0         0         0       
   0         1         0         0.098     2.8e-06   0.2       0         0         0         0.098    -0.0013   -0.028     0         0         0         0         0         0       
  -1         0         0        -0.016     0.077    -0.15      0         0         0        -0.011     0.11      0.018     0         0         0         0         0         0       
   0         0         0         0.1      -1.1e-06   0.99      0         0         0         0.1      -0.13     -0.13      0         0         0         0         0         0       
   0         0         0        -3.9e-05   1         5.1e-06   0         0         0        -3.9e-05   0.99      0.99      0         0         0         0         0         0       
   0         0         0        -0.99     -3.9e-05   0.1       0         0         0        -0.99     -0.014    -0.014     0         0         0         0         0         0       
   0         0         1         0.17      0.22     -0.018     0         0         0         0         0         0         0.12      0.016    -0.17      0         0         0       
   0         1         0         0.054     3.2e-06  -0.22      0         0         0         0         0         0         0.054    -0.014     0.084     0         0         0       
  -1         0         0         0.018     0.077     0.17      0         0         0         0         0         0         0.013     0.11      0.11      0         0         0       
   0         0         0         0.1      -1.1e-06   0.99      0         0         0         0         0         0         0.1       0.46      0.46      0         0         0       
   0         0         0        -3.9e-05   1         5.1e-06   0         0         0         0         0         0        -3.9e-05   0.89      0.89      0         0         0       
   0         0         0        -0.99     -3.9e-05   0.1       0         0         0         0         0         0        -0.99      0.048     0.048     0         0         0       
   0         0         1        -0.17      0.22      0.018     0         0         0         0         0         0         0         0         0        -0.12      0.016    -0.17    
   0         1         0         0.054     3.2e-06  -0.22      0         0         0         0         0         0         0         0         0         0.054     0.014    -0.084   
  -1         0         0        -0.018     0.077    -0.17      0         0         0         0         0         0         0         0         0        -0.013     0.11      0.11    
   0         0         0         0.1      -1.1e-06   0.99      0         0         0         0         0         0         0         0         0         0.1      -0.46     -0.46    
   0         0         0        -3.9e-05   1         5.1e-06   0         0         0         0         0         0         0         0         0        -3.9e-05   0.89      0.89    
   0         0         0        -0.99     -3.9e-05   0.1       0         0         0         0         0         0         0         0         0        -0.99     -0.048    -0.048   

EFC_POS
   0       
   0       
   0       
   0       
   0       
   0       
   0       
   0       
   0       
   0       
   0       
   0       
  -0.00067 
  -0.00067 
  -0.0012  
  -0.0012  
   0.00089 
   0       
   0       
   0.00089 
   0       
   0       
   0.00086 
   0       
   0       
   0.00096 
   0       
   0       
   0.00077 
   0       
   0       
   0       
   0       
   0       
   0.00096 
   0       
   0       
   0.00076 
   0       
   0       
   0       
   0       
   0       
   0.00054 
   0       
   0       
   0       
   0       
   0       
   0.00054 
   0       
   0       
   0       
   0       
   0       

EFC_MARGIN
   0       
   0       
   0       
   0       
   0       
   0       
   0       
   0       
   0       
   0       
   0       
   0       
   0       
   0       
   0       
   0       
   0.001   
   0       
   0       
   0.001   
   0       
   0       
   0.001   
   0       
   0       
   0.001   
   0       
   0       
   0.001   
   0       
   0       
   0       
   0       
   0       
   0.001   
   0       
   0       
   0.001   
   0       
   0       
   0       
   0       
   0       
   0.001   
   0       
   0       
   0       
   0       
   0       
   0.001   
   0       
   0       
   0       
   0       
   0       

EFC_FRICTIONLOSS
   0.2     
   0.2     
   0.2     
   0.2     
   0.2     
   0.2     
   0.2     
   0.2     
   0.2     
   0.2     
   0.2     
   0.2     
   0       
   0       
   0       
   0       
   0       
   0       
   0       
   0       
   0       
   0       
   0       
   0       
   0       
   0       
   0       
   0       
   0       
   0       
   0       
   0       
   0       
   0       
   0       
   0       
   0       
   0       
   0       
   0       
   0       
   0       
   0       
   0       
   0       
   0       
   0       
   0       
   0       
   0       
   0       
   0       
   0       
   0       
   0       

EFC_DIAGAPPROX
   29      
   29      
   80      
   29      
   29      
   80      
   29      
   29      
   80      
   29      
   29      
   80      
   80      
   80      
   80      
   80      
   0.071   
   0.00071 
   0.00071 
   0.071   
   0.00071 
   0.00071 
   0.071   
   0.00071 
   0.00071 
   0.17    
   0.0017  
   0.0017  
   1.8     
   0.018   
   0.018   
   7.1     
   28      
   28      
   0.17    
   0.0017  
   0.0017  
   1.8     
   0.018   
   0.018   
   7.1     
   28      
   28      
   1.8     
   0.018   
   0.018   
   7.1     
   28      
   28      
   1.8     
   0.018   
   0.018   
   7.1     
   28      
   28      

EFC_KBIP
   0         1.1e+02   0.9       0       
   0         1.1e+02   0.9       0       
   0         1.1e+02   0.9       0       
   0         1.1e+02   0.9       0       
   0         1.1e+02   0.9       0       
   0         1.1e+02   0.9       0       
   0         1.1e+02   0.9       0       
   0         1.1e+02   0.9       0       
   0         1.1e+02   0.9       0       
   0         1.1e+02   0.9       0       
   0         1.1e+02   0.9       0       
   0         1.1e+02   0.9       0       
   2.8e+03   1.1e+02   0.94     -67      
   2.8e+03   1.1e+02   0.94     -66      
   2.8e+03   1.1e+02   0.95      0       
   2.8e+03   1.1e+02   0.95      0       
   2.8e+03   1.1e+02   0.9      -22      
   0         1.1e+02   0.9      -22      
   0         1.1e+02   0.9      -22      
   2.8e+03   1.1e+02   0.9      -22      
   0         1.1e+02   0.9      -22      
   0         1.1e+02   0.9      -22      
   2.8e+03   1.1e+02   0.9      -29      
   0         1.1e+02   0.9      -29      
   0         1.1e+02   0.9      -29      
   2.8e+03   1.1e+02   0.9      -7.1     
   0         1.1e+02   0.9      -7.1     
   0         1.1e+02   0.9      -7.1     
   2.8e+03   1.1e+02   0.91     -47      
   0         1.1e+02   0.91     -47      
   0         1.1e+02   0.91     -47      
   0         1.1e+02   0.91     -47      
   0         1.1e+02   0.91     -47      
   0         1.1e+02   0.91     -47      
   2.8e+03   1.1e+02   0.9      -7.1     
   0         1.1e+02   0.9      -7.1     
   0         1.1e+02   0.9      -7.1     
   2.8e+03   1.1e+02   0.91     -47      
   0         1.1e+02   0.91     -47      
   0         1.1e+02   0.91     -47      
   0         1.1e+02   0.91     -47      
   0         1.1e+02   0.91     -47      
   0         1.1e+02   0.91     -47      
   2.8e+03   1.1e+02   0.92     -91      
   0         1.1e+02   0.92     -91      
   0         1.1e+02   0.92     -91      
   0         1.1e+02   0.92     -91      
   0         1.1e+02   0.92     -91      
   0         1.1e+02   0.92     -91      
   2.8e+03   1.1e+02   0.92     -91      
   0         1.1e+02   0.92     -91      
   0         1.1e+02   0.92     -91      
   0         1.1e+02   0.92     -91      
   0         1.1e+02   0.92     -91      
   0         1.1e+02   0.92     -91      

EFC_D
   0.31    
   0.32    
   0.11    
   0.31    
   0.32    
   0.11    
   0.31    
   0.31    
   0.11    
   0.31    
   0.31    
   0.11    
   0.19    
   0.19    
   0.24    
   0.24    
   1.3e+02 
   1.3e+04 
   1.3e+04 
   1.3e+02 
   1.3e+04 
   1.3e+04 
   1.3e+02 
   1.3e+04 
   1.3e+04 
   54      
   5.4e+03 
   5.4e+03 
   5.4     
   5.4e+02 
   5.4e+02 
   1.4     
   0.34    
   0.34    
   54      
   5.4e+03 
   5.4e+03 
   5.4     
   5.4e+02 
   5.4e+02 
   1.4     
   0.34    
   0.34    
   6.6     
   6.6e+02 
   6.6e+02 
   1.6     
   0.41    
   0.41    
   6.6     
   6.6e+02 
   6.6e+02 
   1.6     
   0.41    
   0.41    

EFC_R
   3.2     
   3.2     
   8.9     
   3.2     
   3.2     
   8.9     
   3.2     
   3.2     
   8.9     
   3.2     
   3.2     
   8.9     
   5.2     
   5.2     
   4.2     
   4.2     
   0.0078  
   7.8e-05 
   7.8e-05 
   0.0078  
   7.8e-05 
   7.8e-05 
   0.0077  
   7.7e-05 
   7.7e-05 
   0.019   
   0.00019 
   0.00019 
   0.18    
   0.0018  
   0.0018  
   0.74    
   3       
   3       
   0.019   
   0.00019 
   0.00019 
   0.18    
   0.0018  
   0.0018  
   0.74    
   2.9     
   2.9     
   0.15    
   0.0015  
   0.0015  
   0.61    
   2.4     
   2.4     
   0.15    
   0.0015  
   0.0015  
   0.61    
   2.4     
   2.4     

ACTUATOR_VELOCITY
   7e-05   
   3.6e-05 
  -1.6e-05 
  -7.1e-05 
   3.6e-05 
  -1.6e-05 
  -0.00012 
  -0.00098 
  -1.1e-06 
   0.00012 
  -0.00099 
  -1e-06   

CVEL
   0         0         0         0         0         0       
  -6.3e-08  -6.3e-07  -7.5e-09  -3.8e-07   8.9e-09   1.1e-07 
  -7e-05    -6.3e-07  -7.3e-06  -7.2e-07   1.7e-07   3.4e-06 
  -7.1e-05   3.5e-05  -2.5e-06  -1.2e-06  -7.9e-07   1.1e-05 
  -7.1e-05   1.9e-05  -4.7e-06  -2.5e-06  -8e-07     1e-05   
  -7.1e-05   1.9e-05  -4.7e-06  -2.5e-06  -8e-07     1e-05   
   7e-05    -6.3e-07   7.3e-06  -7.2e-07  -1.5e-07   3.4e-06 
   7e-05     3.5e-05   2.5e-06  -1.2e-06   8e-07     1e-05   
   7e-05     1.9e-05   4.7e-06  -2.5e-06   8.1e-07   1e-05   
   7e-05     1.9e-05   4.7e-06  -2.5e-06   8.1e-07   1e-05   
   0.00012  -6.4e-07   1.3e-05   2.2e-07  -2.7e-07  -5.6e-06 
   0.00017  -0.00088  -0.00044  -4e-05    -8.7e-05   0.00016 
   0.00017  -0.00088  -0.00044  -4e-05    -8.7e-05   0.00016 
   0.00017  -0.00088  -0.00044  -4e-05    -8.7e-05   0.00016 
  -0.00012  -6.3e-07  -1.3e-05   2.1e-07   2.8e-07  -5.5e-06 
  -0.00017  -0.00087   0.00044  -4e-05     8.6e-05   0.00016 
  -0.00017  -0.00087   0.00044  -4e-05     8.6e-05   0.00016 
  -0.00017  -0.00087   0.00044  -4e-05     8.6e-05   0.00016 

CDOF_DOT
   0         0         0         0         0         0       
   0         0         0         0         0         0       
   0         0         0         0         0         0       
   0         0        -0         9.1e-10   1.5e-07  -8.7e-09 
  -0         0         0        -1.1e-07   4e-12    -3.8e-07 
   0        -0         0         8.7e-09   3.6e-07   9.1e-10 
  -6.6e-08  -9.7e-10   6.3e-07   3e-08     1.5e-07  -5.6e-09 
   7.2e-06   9.4e-06  -7e-05    -3.6e-06   1.4e-05   1.1e-06 
   7.2e-06   9.4e-06  -7e-05    -1e-05     2.4e-07  -4e-06   
  -6.6e-08  -9.7e-10   6.3e-07  -2.8e-08   1.5e-07  -1.2e-08 
  -7.1e-06   9.3e-06   6.9e-05  -3.6e-06  -1.4e-05   1.1e-06 
  -7.1e-06   9.3e-06   6.9e-05  -1e-05    -2.4e-07  -4e-06   
  -6.6e-08  -9.7e-10   6.3e-07   3e-08     1.5e-07  -5.6e-09 
  -1.2e-05  -5.7e-05   0.00011   3.8e-06   2.1e-05   1.1e-05 
  -1.2e-05  -5.7e-05   0.00011   0.00021   5.4e-05   2.6e-05 
  -6.6e-08  -9.7e-10   6.3e-07  -2.8e-08   1.5e-07  -1.2e-08 
   1.2e-05  -5.7e-05  -0.00011   3.8e-06  -2.1e-05   1.1e-05 
   1.2e-05  -5.7e-05  -0.00011   0.00021  -5.3e-05   2.6e-05 

QFRC_BIAS
   1.1e-07 
   1e-10   
   1.5e+02 
   0.00011 
   0.73    
  -1.1e-05 
   1.1     
   0.47    
  -0.33    
  -1.1     
   0.47    
  -0.33    
   0.95    
   0.5     
  -0.28    
  -0.95    
   0.5     
  -0.28    

QFRC_SPRING
   0       
   0       
   0       
   0       
   0       
   0       
   0       
   0       
   0       
   0       
   0       
   0       
   0       
   0       
   0       
   0       
   0       
   0       

QFRC_DAMPER
   0       
   0       
   0       
   0       
   0       
   0       
   7.1e-06 
  -3.6e-06 
   1.6e-06 
  -7e-06   
  -3.6e-06 
   1.6e-06 
  -1.2e-05 
   9.9e-05 
   1e-07   
   1.2e-05 
   9.8e-05 
   1.1e-07 

QFRC_GRAVCOMP
   0       
   0       
   0       
   0       
   0       
   0       
   0       
   0       
   0       
   0       
   0       
   0       
   0       
   0       
   0       
   0       
   0       
   0       

QFRC_FLUID
   0       
   0       
   0       
   0       
   0       
   0       
   0       
   0       
   0       
   0       
   0       
   0       
   0       
   0       
   0       
   0       
   0       
   0       

QFRC_PASSIVE
   0       
   0       
   0       
   0       
   0       
   0       
   7.1e-06 
  -3.6e-06 
   1.6e-06 
  -7e-06   
  -3.6e-06 
   1.6e-06 
  -1.2e-05 
   9.9e-05 
   1e-07   
   1.2e-05 
   9.8e-05 
   1.1e-07 

EFC_VEL
  -7.1e-05 
   3.6e-05 
  -1.6e-05 
   7e-05   
   3.6e-05 
  -1.6e-05 
   0.00012 
  -0.00099 
  -1e-06   
  -0.00012 
  -0.00098 
  -1.1e-06 
  -1.6e-05 
  -1.6e-05 
  -1e-06   
  -1.1e-06 
   1.4e-09 
   5.3e-09 
   3.3e-07 
  -4.5e-09 
   5.3e-09 
   3.3e-07 
   3e-07   
   1.7e-09 
   3.3e-07 
   1.4e-07 
  -6.4e-06 
   3.6e-06 
  -4.5e-06 
  -7.4e-06 
   3.3e-06 
  -4.7e-06 
   1.9e-05 
   7.1e-05 
   1.4e-07 
   6.3e-06 
   3.6e-06 
  -4.5e-06 
   7.3e-06 
   3.2e-06 
   4.7e-06 
   1.9e-05 
  -7e-05   
   3.4e-08 
   2e-05   
  -0.0001  
  -0.00044 
  -0.00088 
  -0.00017 
   2.9e-08 
  -2e-05   
  -0.0001  
   0.00044 
  -0.00087 
   0.00017 

EFC_AREF
   0.0074  
  -0.0038  
   0.0017  
  -0.0074  
  -0.0038  
   0.0017  
  -0.013   
   0.1     
   0.00011 
   0.013   
   0.1     
   0.00011 
   1.7     
   1.7     
   3.2     
   3.2     
   0.27    
  -5.6e-07 
  -3.5e-05 
   0.28    
  -5.6e-07 
  -3.5e-05 
   0.36    
  -1.7e-07 
  -3.5e-05 
   0.089   
   0.00067 
  -0.00038 
   0.59    
   0.00077 
  -0.00034 
   0.00049 
  -0.002   
  -0.0074  
   0.088   
  -0.00067 
  -0.00037 
   0.59    
  -0.00077 
  -0.00034 
  -0.00049 
  -0.002   
   0.0074  
   1.2     
  -0.0021  
   0.011   
   0.047   
   0.092   
   0.018   
   1.2     
   0.0021  
   0.011   
  -0.046   
   0.092   
  -0.018   

SUBTREE_LINVEL
   0         0         0       
   0         0         0       
   0         0         0       
   0         0         0       
   0         0         0       
   0         0         0       
   0         0         0       
   0         0         0       
   0         0         0       
   0         0         0       
   0         0         0       
   0         0         0       
   0         0         0       
   0         0         0       
   0         0         0       
   0         0         0       
   0         0         0       
   0         0         0       

SUBTREE_ANGMOM
   0         0         0       
   0         0         0       
   0         0         0       
   0         0         0       
   0         0         0       
   0         0         0       
   0         0         0       
   0         0         0       
   0         0         0       
   0         0         0       
   0         0         0       
   0         0         0       
   0         0         0       
   0         0         0       
   0         0         0       
   0         0         0       
   0         0         0       
   0         0         0       

ACTUATOR_FORCE
   0       
   0       
   0       
   0       
   0       
   0       
   0       
   0       
   0       
   0       
   0       
   0       

QFRC_ACTUATOR
   0       
   0       
   0       
   0       
   0       
   0       
   0       
   0       
   0       
   0       
   0       
   0       
   0       
   0       
   0       
   0       
   0       
   0       

QFRC_SMOOTH
  -1.1e-07 
  -1e-10   
  -1.5e+02 
  -0.00011 
  -0.73    
   1.1e-05 
  -1.1     
  -0.47    
   0.33    
   1.1     
  -0.47    
   0.33    
  -0.95    
  -0.5     
   0.28    
   0.95    
  -0.5     
   0.28    

QACC_SMOOTH
   2.9e-06 
   2.6e-08 
  -9.8     
  -8.9e-07 
  -0.00028 
  -4.9e-07 
   0.00027 
  -0.00018 
   0.00022 
  -0.00027 
  -0.00018 
   0.00022 
  -0.0017  
   0.0055  
  -0.00028 
   0.0017  
   0.0055  
  -0.00027 

EFC_B
  -0.0072  
   0.0037  
  -0.0015  
   0.0071  
   0.0036  
  -0.0015  
   0.011   
  -0.099   
  -0.00038 
  -0.011   
  -0.098   
  -0.00039 
  -1.7     
  -1.7     
  -3.2     
  -3.2     
  -10      
   6.2e-07 
   1e-05   
  -10      
   6.2e-07 
   1e-05   
  -10      
  -3.8e-08 
   1e-05   
  -9.9     
  -0.00065 
   0.00034 
  -10      
  -0.00074 
   0.00031 
  -0.00046 
   0.0018  
   0.0072  
  -9.9     
   0.00064 
   0.00033 
  -10      
   0.00074 
   0.0003  
   0.00046 
   0.0018  
  -0.0071  
  -11      
   0.002   
  -0.01    
  -0.044   
  -0.088   
  -0.016   
  -11      
  -0.0019  
  -0.01    
   0.044   
  -0.087   
   0.016   

EFC_FORCE
   0.0023  
  -0.0012  
   0.0002  
  -0.0023  
  -0.0012  
   0.00019 
  -0.004   
   0.033   
   1.2e-05 
   0.004   
   0.032   
   1.3e-05 
   0.33    
   0.34    
   0.75    
   0.75    
   35      
  -0.0072  
  -0.45    
   35      
  -0.0072  
  -0.45    
   47      
  -0.0023  
  -0.45    
   4.8     
   3.6     
  -2       
   3.2     
   0.42    
  -0.19    
   0.00067 
  -0.00068 
  -0.0025  
   4.7     
  -3.6     
  -2       
   3.2     
  -0.42    
  -0.19    
  -0.00067 
  -0.00068 
   0.0025  
   7.6     
  -0.56    
   2.9     
   0.031   
   0.015   
   0.0029  
   7.6     
   0.56    
   2.9     
  -0.031   
   0.015   
  -0.0029  

EFC_STATE
  1
  1
  1
  1
  1
  1
  1
  1
  1
  1
  1
  1
  1
  1
  1
  1
  1
  1
  1
  1
  1
  1
  1
  1
  1
  1
  1
  1
  1
  1
  1
  1
  1
  1
  1
  1
  1
  1
  1
  1
  1
  1
  1
  4
  4
  4
  4
  4
  4
  4
  4
  4
  4
  4
  4

QFRC_CONSTRAINT
   1.2e-07 
  -9.1e-09 
   1.5e+02 
   0.00011 
   0.73    
  -1.1e-05 
   1.1     
   0.47    
  -0.33    
  -1.1     
   0.47    
  -0.33    
   0.95    
   0.5     
  -0.28    
  -0.95    
   0.5     
  -0.28    

QFRC_INVERSE
   0       
   0       
   0       
   0       
   0       
   0       
   0       
   0       
   0       
   0       
   0       
   0       
   0       
   0       
   0       
   0       
   0       
   0       

CACC
   0         0         0        -0        -0         9.8     
   1.9e-08   1.7e-08   1.1e-09  -1.4e-08  -1.3e-09   9.8     
   1.3e-06   1.7e-08   1.4e-07  -7.3e-09  -4.3e-09   9.8     
   1.3e-06  -6.9e-07   4.2e-08   1.1e-09   1.5e-08   9.8     
   1.3e-06  -2.8e-07   9.7e-08   3.4e-08   1.5e-08   9.8     
   1.3e-06  -2.8e-07   9.7e-08   3.4e-08   1.5e-08   9.8     
  -1.3e-06   1.7e-08  -1.4e-07  -7.2e-09   1.8e-09   9.8     
  -1.3e-06  -6.6e-07  -4.6e-08   8.3e-10  -1.7e-08   9.8     
  -1.3e-06  -2.7e-07  -9.8e-08   3.2e-08  -1.7e-08   9.8     
  -1.3e-06  -2.7e-07  -9.8e-08   3.2e-08  -1.7e-08   9.8     
   9.2e-07   1.7e-08   9.6e-08  -9.3e-09  -3.3e-09   9.8     
   1.6e-06  -1.3e-05  -6.6e-06  -6e-07    -1.3e-06   9.8     
   1.6e-06  -1.3e-05  -6.7e-06  -6e-07    -1.3e-06   9.8     
   1.6e-06  -1.3e-05  -6.7e-06  -6e-07    -1.3e-06   9.8     
  -9.6e-07   1.7e-08  -1e-07    -9e-09     9.1e-10   9.8     
  -1.6e-06  -1.2e-05   6.5e-06  -5.9e-07   1.3e-06   9.8     
  -1.7e-06  -1.2e-05   6.6e-06  -5.9e-07   1.3e-06   9.8     
  -1.7e-06  -1.2e-05   6.6e-06  -5.9e-07   1.3e-06   9.8     

CFRC_INT
   6.7e-16   4e-15     2.2e-16   2.7e-15   8.9e-16   5.5e-14 
   6.7e-16   4e-15     2.2e-16   2.7e-15   8.9e-16   5.5e-14 
   0.56     -2.6       0.18     -2.2      -4         12      
   0.24     -1.3       0.18     -2.2      -4         5.7     
  -0.17      0.36     -0.063    -0.19     -0.42     -0.82    
   0         0         0         0         0         0       
  -0.56     -2.6      -0.18     -2.2       4         12      
  -0.24     -1.3      -0.18     -2.2       4         5.7     
   0.17      0.37      0.063    -0.19      0.42     -0.84    
   0         0         0         0         0         0       
   0.64      2.5      -0.64      2.9       0.56      13      
   0.32      1.3      -0.64      2.9       0.56      6       
  -0.9      -1.2      -0.64      2.9       0.56     -5.3     
   0         0         0         0         0         0       
  -0.64      2.5       0.64      2.9      -0.56      13      
  -0.32      1.3       0.64      2.9      -0.56      6       
   0.9      -1.2       0.64      2.9      -0.56     -5.3     
   0         0         0         0         0         0       

CFRC_EXT
   0         0         0         0         0         0       
   0.0001   -1.9       0.0019    1.3      -0.017     1.2e+02 
   0         0         0         0         0         0       
   0.95     -0.21     -0.24      2         3.6       4.8     
   0.52     -0.71      0.063     0.19      0.42      3.2     
   0         0         0         0         0         0       
   0         0         0         0         0         0       
  -0.95     -0.21      0.24      2        -3.6       4.7     
  -0.53     -0.71     -0.063     0.19     -0.42      3.2     
   0         0         0         0         0         0       
   0         0         0         0         0         0       
   0         0         0         0         0         0       
   1.3       1.9       0.64     -2.9      -0.56      7.6     
   0         0         0         0         0         0       
   0         0         0         0         0         0       
   0         0         0         0         0         0       
  -1.3       1.9      -0.64     -2.9       0.56      7.6     
   0         0         0         0         0         0       

